{
 "cells": [
  {
   "cell_type": "markdown",
   "metadata": {},
   "source": [
    "# Demonstrate PCA rotation transformation \n",
    "\n",
    "JMA   14 Aug 2024"
   ]
  },
  {
   "cell_type": "code",
   "execution_count": 96,
   "metadata": {},
   "outputs": [],
   "source": [
    "import numpy as np\n",
    "import pandas as pd\n",
    "import numpy.linalg as la\n",
    "\n",
    "import scipy as sp \n",
    "\n",
    "# stats\n",
    "from sklearn.preprocessing import StandardScaler\n",
    "from sklearn.decomposition import PCA\n",
    "\n",
    "import matplotlib.pyplot as plt\n",
    "import seaborn as sns\n"
   ]
  },
  {
   "cell_type": "code",
   "execution_count": 264,
   "metadata": {},
   "outputs": [
    {
     "data": {
      "text/plain": [
       "array([1.79795924, 0.39911418])"
      ]
     },
     "execution_count": 264,
     "metadata": {},
     "output_type": "execute_result"
    }
   ],
   "source": [
    "# create a random matrix in the positive quadrant. \n",
    "ROWS = 30\n",
    "COLS = 2\n",
    "elements = np.random.uniform(0, 1, ROWS * COLS)\n",
    "X_rand = np.array(elements).reshape([ROWS, COLS])\n",
    "# Make this wider than tall.\n",
    "X_rand[:,0] = 4 * X_rand[:,0]\n",
    "#COV = X.T @ X\n",
    "np.apply_along_axis(np.mean, 0, X_rand) # , COV"
   ]
  },
  {
   "cell_type": "code",
   "execution_count": 265,
   "metadata": {},
   "outputs": [],
   "source": [
    "# create unit length columns\n",
    "def col_sums(X):\n",
    "    col_sums = np.apply_along_axis(sum, 0, X)[:, np.newaxis]  # change shape to [ROWS, 1]\n",
    "    # Duplicate the columns\n",
    "    col_sums = np.repeat(col_sums, ROWS, axis=0).reshape([ROWS, COLS], order = 'F')\n",
    "    return col_sums\n",
    "\n",
    "sums = col_sums(X_rand)\n",
    "X = X_rand/sums"
   ]
  },
  {
   "cell_type": "code",
   "execution_count": 266,
   "metadata": {},
   "outputs": [
    {
     "data": {
      "text/plain": [
       "array([[1.79795924, 0.39911418],\n",
       "       [1.79795924, 0.39911418],\n",
       "       [1.79795924, 0.39911418],\n",
       "       [1.79795924, 0.39911418],\n",
       "       [1.79795924, 0.39911418],\n",
       "       [1.79795924, 0.39911418],\n",
       "       [1.79795924, 0.39911418],\n",
       "       [1.79795924, 0.39911418],\n",
       "       [1.79795924, 0.39911418],\n",
       "       [1.79795924, 0.39911418],\n",
       "       [1.79795924, 0.39911418],\n",
       "       [1.79795924, 0.39911418],\n",
       "       [1.79795924, 0.39911418],\n",
       "       [1.79795924, 0.39911418],\n",
       "       [1.79795924, 0.39911418],\n",
       "       [1.79795924, 0.39911418],\n",
       "       [1.79795924, 0.39911418],\n",
       "       [1.79795924, 0.39911418],\n",
       "       [1.79795924, 0.39911418],\n",
       "       [1.79795924, 0.39911418],\n",
       "       [1.79795924, 0.39911418],\n",
       "       [1.79795924, 0.39911418],\n",
       "       [1.79795924, 0.39911418],\n",
       "       [1.79795924, 0.39911418],\n",
       "       [1.79795924, 0.39911418],\n",
       "       [1.79795924, 0.39911418],\n",
       "       [1.79795924, 0.39911418],\n",
       "       [1.79795924, 0.39911418],\n",
       "       [1.79795924, 0.39911418],\n",
       "       [1.79795924, 0.39911418]])"
      ]
     },
     "execution_count": 266,
     "metadata": {},
     "output_type": "execute_result"
    }
   ],
   "source": [
    "x_colmeans = np.mean(X_rand, axis=0)[np.newaxis, :].repeat(ROWS).reshape([ROWS, COLS], order= 'F')\n",
    "x_colmeans"
   ]
  },
  {
   "cell_type": "code",
   "execution_count": 267,
   "metadata": {},
   "outputs": [
    {
     "data": {
      "text/plain": [
       "array([1.92438658e-16, 7.40148683e-18])"
      ]
     },
     "execution_count": 267,
     "metadata": {},
     "output_type": "execute_result"
    }
   ],
   "source": [
    "X_centered = X_rand- x_colmeans\n",
    "np.apply_along_axis(np.mean, 0, X_centered)"
   ]
  },
  {
   "cell_type": "code",
   "execution_count": 268,
   "metadata": {},
   "outputs": [
    {
     "data": {
      "text/plain": [
       "(array([[21.3627844 ,  1.07439995],\n",
       "        [ 1.07439995,  1.11339698]]),\n",
       " array([[1.47329548, 0.07409655],\n",
       "        [0.07409655, 0.076786  ]]),\n",
       " np.float64(22.63092428593613))"
      ]
     },
     "execution_count": 268,
     "metadata": {},
     "output_type": "execute_result"
    }
   ],
   "source": [
    "XTcov = X_centered.T @ X_centered /2\n",
    "XTcov , np.cov(X_rand.T, bias=False) , la.det(XTcov) "
   ]
  },
  {
   "cell_type": "code",
   "execution_count": 269,
   "metadata": {},
   "outputs": [
    {
     "data": {
      "text/plain": [
       "(np.float64(-0.0),\n",
       " array([[ 9.31445343e-02,  3.31219014e-01,  3.97376957e-01,\n",
       "          4.47073064e-01,  7.55232738e-01,  3.21912381e-01,\n",
       "          2.41877289e-01,  2.86507633e-01,  1.43341697e-01,\n",
       "          5.33183291e-02,  4.23946466e-01,  3.33653915e-01,\n",
       "          6.63816079e-01,  7.76420765e-01,  4.51360497e-01,\n",
       "          1.67197232e-01,  6.21032899e-01,  3.91333022e-02,\n",
       "         -5.50038310e-02,  6.38036359e-01, -5.16968821e-03,\n",
       "          5.93741706e-01,  5.29204850e-03,  9.68950215e-03,\n",
       "          5.94234852e-02,  4.99998280e-01,  1.42629514e-02,\n",
       "          5.51890017e-01,  1.13674077e-04,  1.96539077e-01],\n",
       "        [ 3.31219014e-01,  1.17780432e+00,  1.41305987e+00,\n",
       "          1.58977765e+00,  2.68558369e+00,  1.14471023e+00,\n",
       "          8.60107979e-01,  1.01881207e+00,  5.09718534e-01,\n",
       "          1.89598289e-01,  1.50754020e+00,  1.18646275e+00,\n",
       "          2.36050895e+00,  2.76092765e+00,  1.60502363e+00,\n",
       "          5.94548062e-01,  2.20837332e+00,  1.39156783e-01,\n",
       "         -1.95591881e-01,  2.26883708e+00, -1.83832475e-02,\n",
       "          2.11132670e+00,  1.88183568e-02,  3.44555627e-02,\n",
       "          2.11308031e-01,  1.77797805e+00,  5.07186034e-02,\n",
       "          1.96250342e+00,  4.04221417e-04,  6.98886731e-01],\n",
       "        [ 3.97376957e-01,  1.41305987e+00,  1.69530555e+00,\n",
       "          1.90732108e+00,  3.22200427e+00,  1.37335554e+00,\n",
       "          1.03190662e+00,  1.22231038e+00,  6.11530111e-01,\n",
       "          2.27468799e-01,  1.80865746e+00,  1.42344775e+00,\n",
       "          2.83199884e+00,  3.31239748e+00,  1.92561230e+00,\n",
       "          7.13303555e-01,  2.64947552e+00,  1.66952067e-01,\n",
       "         -2.34659555e-01,  2.72201637e+00, -2.20551317e-02,\n",
       "          2.53304474e+00,  2.25771501e-02,  4.13377436e-02,\n",
       "          2.53514861e-01,  2.13311276e+00,  6.08491767e-02,\n",
       "          2.35449538e+00,  4.84960917e-04,  8.38482910e-01],\n",
       "        [ 4.47073064e-01,  1.58977765e+00,  1.90732108e+00,\n",
       "          2.14585135e+00,  3.62494930e+00,  1.54510788e+00,\n",
       "          1.16095723e+00,  1.37517297e+00,  6.88008289e-01,\n",
       "          2.55916130e-01,  2.03484882e+00,  1.60146464e+00,\n",
       "          3.18616965e+00,  3.72664712e+00,  2.16643007e+00,\n",
       "          8.02509557e-01,  2.98081989e+00,  1.87831153e-01,\n",
       "         -2.64006165e-01,  3.06243272e+00, -2.48133545e-02,\n",
       "          2.84982823e+00,  2.54006567e-02,  4.65074569e-02,\n",
       "          2.85219522e-01,  2.39988062e+00,  6.84589968e-02,\n",
       "          2.64894943e+00,  5.45610305e-04,  9.43343888e-01],\n",
       "        [ 7.55232738e-01,  2.68558369e+00,  3.22200427e+00,\n",
       "          3.62494930e+00,  6.12356369e+00,  2.61012383e+00,\n",
       "          1.96118483e+00,  2.32305573e+00,  1.16224042e+00,\n",
       "          4.32314660e-01,  3.43743465e+00,  2.70532632e+00,\n",
       "          5.38234088e+00,  6.29536005e+00,  3.65971258e+00,\n",
       "          1.35566541e+00,  5.03544711e+00,  3.17299895e-01,\n",
       "         -4.45981014e-01,  5.17331424e+00, -4.19167674e-02,\n",
       "          4.81416518e+00,  4.29088868e-02,  7.85642367e-02,\n",
       "          4.81816370e-01,  4.05407652e+00,  1.15646591e-01,\n",
       "          4.47482412e+00,  9.21689983e-04,  1.59357439e+00],\n",
       "        [ 3.21912381e-01,  1.14471023e+00,  1.37335554e+00,\n",
       "          1.54510788e+00,  2.61012383e+00,  1.11254602e+00,\n",
       "          8.35940558e-01,  9.90185361e-01,  4.95396399e-01,\n",
       "          1.84270933e-01,  1.46518115e+00,  1.15312538e+00,\n",
       "          2.29418307e+00,  2.68335076e+00,  1.55992548e+00,\n",
       "          5.77842377e-01,  2.14632217e+00,  1.35246738e-01,\n",
       "         -1.90096116e-01,  2.20508702e+00, -1.78667127e-02,\n",
       "          2.05200238e+00,  1.82895963e-02,  3.34874260e-02,\n",
       "          2.05370672e-01,  1.72802020e+00,  4.92935057e-02,\n",
       "          1.90736075e+00,  3.92863553e-04,  6.79249324e-01],\n",
       "        [ 2.41877289e-01,  8.60107979e-01,  1.03190662e+00,\n",
       "          1.16095723e+00,  1.96118483e+00,  8.35940558e-01,\n",
       "          6.28105808e-01,  7.44001677e-01,  3.72229045e-01,\n",
       "          1.38456787e-01,  1.10090219e+00,  8.66430920e-01,\n",
       "          1.72379447e+00,  2.01620580e+00,  1.17209082e+00,\n",
       "          4.34176988e-01,  1.61269531e+00,  1.01621175e-01,\n",
       "         -1.42833690e-01,  1.65684982e+00, -1.34246221e-02,\n",
       "          1.54182567e+00,  1.37423667e-02,  2.51616537e-02,\n",
       "          1.54310627e-01,  1.29839318e+00,  3.70379652e-02,\n",
       "          1.43314540e+00,  2.95188309e-04,  5.10371751e-01],\n",
       "        [ 2.86507633e-01,  1.01881207e+00,  1.22231038e+00,\n",
       "          1.37517297e+00,  2.32305573e+00,  9.90185361e-01,\n",
       "          7.44001677e-01,  8.81282242e-01,  4.40911436e-01,\n",
       "          1.64004344e-01,  1.30403678e+00,  1.02630170e+00,\n",
       "          2.04186295e+00,  2.38822898e+00,  1.38836088e+00,\n",
       "          5.14289794e-01,  1.91026417e+00,  1.20371956e-01,\n",
       "         -1.69188859e-01,  1.96256590e+00, -1.59016860e-02,\n",
       "          1.82631791e+00,  1.62780597e-02,  2.98043933e-02,\n",
       "          1.82783480e-01,  1.53796812e+00,  4.38720799e-02,\n",
       "          1.69758434e+00,  3.49655414e-04,  6.04543746e-01],\n",
       "        [ 1.43341697e-01,  5.09718534e-01,  6.11530111e-01,\n",
       "          6.88008289e-01,  1.16224042e+00,  4.95396399e-01,\n",
       "          3.72229045e-01,  4.40911436e-01,  2.20590958e-01,\n",
       "          8.20524771e-02,  6.52418376e-01,  5.13465646e-01,\n",
       "          1.02155777e+00,  1.19484703e+00,  6.94606291e-01,\n",
       "          2.57302645e-01,  9.55718017e-01,  6.02228997e-02,\n",
       "         -8.46463245e-02,  9.81884928e-01, -7.95572049e-03,\n",
       "          9.13719138e-01,  8.14402282e-03,  1.49113385e-02,\n",
       "          9.14478049e-02,  7.69455797e-01,  2.19494968e-02,\n",
       "          8.49312869e-01,  1.74934957e-04,  3.02457304e-01],\n",
       "        [ 5.33183291e-02,  1.89598289e-01,  2.27468799e-01,\n",
       "          2.55916130e-01,  4.32314660e-01,  1.84270933e-01,\n",
       "          1.38456787e-01,  1.64004344e-01,  8.20524771e-02,\n",
       "          3.05207840e-02,  2.42677870e-01,  1.90992090e-01,\n",
       "          3.79985411e-01,  4.44443232e-01,  2.58370367e-01,\n",
       "          9.57079997e-02,  3.55495217e-01,  2.24009095e-02,\n",
       "         -3.14856087e-02,  3.65228436e-01, -2.95926260e-03,\n",
       "          3.39873036e-01,  3.02930479e-03,  5.54652045e-03,\n",
       "          3.40155325e-02,  2.86211886e-01,  8.16448052e-03,\n",
       "          3.15916052e-01,  6.50699677e-05,  1.12504027e-01],\n",
       "        [ 4.23946466e-01,  1.50754020e+00,  1.80865746e+00,\n",
       "          2.03484882e+00,  3.43743465e+00,  1.46518115e+00,\n",
       "          1.10090219e+00,  1.30403678e+00,  6.52418376e-01,\n",
       "          2.42677870e-01,  1.92958832e+00,  1.51862264e+00,\n",
       "          3.02135259e+00,  3.53387176e+00,  2.05436303e+00,\n",
       "          7.60996620e-01,  2.82662536e+00,  1.78114854e-01,\n",
       "         -2.50349416e-01,  2.90401644e+00, -2.35297869e-02,\n",
       "          2.70240975e+00,  2.40867086e-02,  4.41016773e-02,\n",
       "          2.70465430e-01,  2.27573744e+00,  6.49176882e-02,\n",
       "          2.51192219e+00,  5.17386484e-04,  8.94545745e-01],\n",
       "        [ 3.33653915e-01,  1.18646275e+00,  1.42344775e+00,\n",
       "          1.60146464e+00,  2.70532632e+00,  1.15312538e+00,\n",
       "          8.66430920e-01,  1.02630170e+00,  5.13465646e-01,\n",
       "          1.90992090e-01,  1.51862264e+00,  1.19518484e+00,\n",
       "          2.37786184e+00,  2.78122415e+00,  1.61682270e+00,\n",
       "          5.98918784e-01,  2.22460781e+00,  1.40179771e-01,\n",
       "         -1.97029742e-01,  2.28551606e+00, -1.85183889e-02,\n",
       "          2.12684777e+00,  1.89566969e-02,  3.47088571e-02,\n",
       "          2.12861427e-01,  1.79104856e+00,  5.10914528e-02,\n",
       "          1.97693044e+00,  4.07192984e-04,  7.04024481e-01],\n",
       "        [ 6.63816079e-01,  2.36050895e+00,  2.83199884e+00,\n",
       "          3.18616965e+00,  5.38234088e+00,  2.29418307e+00,\n",
       "          1.72379447e+00,  2.04186295e+00,  1.02155777e+00,\n",
       "          3.79985411e-01,  3.02135259e+00,  2.37786184e+00,\n",
       "          4.73083890e+00,  5.53334225e+00,  3.21672503e+00,\n",
       "          1.19156977e+00,  4.42593467e+00,  2.78892534e-01,\n",
       "         -3.91997530e-01,  4.54711376e+00, -3.68429793e-02,\n",
       "          4.23143766e+00,  3.77150083e-02,  6.90544793e-02,\n",
       "          4.23495218e-01,  3.56335345e+00,  1.01648224e-01,\n",
       "          3.93317192e+00,  8.10124614e-04,  1.40068121e+00],\n",
       "        [ 7.76420765e-01,  2.76092765e+00,  3.31239748e+00,\n",
       "          3.72664712e+00,  6.29536005e+00,  2.68335076e+00,\n",
       "          2.01620580e+00,  2.38822898e+00,  1.19484703e+00,\n",
       "          4.44443232e-01,  3.53387176e+00,  2.78122415e+00,\n",
       "          5.53334225e+00,  6.47197615e+00,  3.76238568e+00,\n",
       "          1.39369856e+00,  5.17671640e+00,  3.26201732e-01,\n",
       "         -4.58492995e-01,  5.31845139e+00, -4.30927408e-02,\n",
       "          4.94922641e+00,  4.41126941e-02,  8.07683535e-02,\n",
       "          4.95333711e-01,  4.16781349e+00,  1.18891052e-01,\n",
       "          4.60036515e+00,  9.47547962e-04,  1.63828207e+00],\n",
       "        [ 4.51360497e-01,  1.60502363e+00,  1.92561230e+00,\n",
       "          2.16643007e+00,  3.65971258e+00,  1.55992548e+00,\n",
       "          1.17209082e+00,  1.38836088e+00,  6.94606291e-01,\n",
       "          2.58370367e-01,  2.05436303e+00,  1.61682270e+00,\n",
       "          3.21672503e+00,  3.76238568e+00,  2.18720615e+00,\n",
       "          8.10205628e-01,  3.00940597e+00,  1.89632455e-01,\n",
       "         -2.66537985e-01,  3.09180147e+00, -2.50513146e-02,\n",
       "          2.87715810e+00,  2.56442491e-02,  4.69534636e-02,\n",
       "          2.87954779e-01,  2.42289549e+00,  6.91155189e-02,\n",
       "          2.67435287e+00,  5.50842711e-04,  9.52390560e-01],\n",
       "        [ 1.67197232e-01,  5.94548062e-01,  7.13303555e-01,\n",
       "          8.02509557e-01,  1.35566541e+00,  5.77842377e-01,\n",
       "          4.34176988e-01,  5.14289794e-01,  2.57302645e-01,\n",
       "          9.57079997e-02,  7.60996620e-01,  5.98918784e-01,\n",
       "          1.19156977e+00,  1.39369856e+00,  8.10205628e-01,\n",
       "          3.00124046e-01,  1.11477268e+00,  7.02454510e-02,\n",
       "         -9.87335262e-02,  1.14529440e+00, -9.27974537e-03,\n",
       "          1.06578417e+00,  9.49938577e-03,  1.73929469e-02,\n",
       "          1.06666938e-01,  8.97511907e-01,  2.56024255e-02,\n",
       "          9.90659132e-01,  2.04048377e-04,  3.52793536e-01],\n",
       "        [ 6.21032899e-01,  2.20837332e+00,  2.64947552e+00,\n",
       "          2.98081989e+00,  5.03544711e+00,  2.14632217e+00,\n",
       "          1.61269531e+00,  1.91026417e+00,  9.55718017e-01,\n",
       "          3.55495217e-01,  2.82662536e+00,  2.22460781e+00,\n",
       "          4.42593467e+00,  5.17671640e+00,  3.00940597e+00,\n",
       "          1.11477268e+00,  4.14068162e+00,  2.60917812e-01,\n",
       "         -3.66733151e-01,  4.25405068e+00, -3.44684364e-02,\n",
       "          3.95872002e+00,  3.52842627e-02,  6.46038939e-02,\n",
       "          3.96200802e-01,  3.33369406e+00,  9.50969599e-02,\n",
       "          3.67967761e+00,  7.57911798e-04,  1.31040681e+00],\n",
       "        [ 3.91333022e-02,  1.39156783e-01,  1.66952067e-01,\n",
       "          1.87831153e-01,  3.17299895e-01,  1.35246738e-01,\n",
       "          1.01621175e-01,  1.20371956e-01,  6.02228997e-02,\n",
       "          2.24009095e-02,  1.78114854e-01,  1.40179771e-01,\n",
       "          2.78892534e-01,  3.26201732e-01,  1.89632455e-01,\n",
       "          7.02454510e-02,  2.60917812e-01,  1.64412797e-02,\n",
       "         -2.31090483e-02,  2.68061565e-01, -2.17196825e-03,\n",
       "          2.49451820e-01,  2.22337612e-03,  4.07090141e-03,\n",
       "          2.49659008e-02,  2.10066902e-01,  5.99236865e-03,\n",
       "          2.31868450e-01,  4.77584867e-05,  8.25729940e-02],\n",
       "        [-5.50038310e-02, -1.95591881e-01, -2.34659555e-01,\n",
       "         -2.64006165e-01, -4.45981014e-01, -1.90096116e-01,\n",
       "         -1.42833690e-01, -1.69188859e-01, -8.46463245e-02,\n",
       "         -3.14856087e-02, -2.50349416e-01, -1.97029742e-01,\n",
       "         -3.91997530e-01, -4.58492995e-01, -2.66537985e-01,\n",
       "         -9.87335262e-02, -3.66733151e-01, -2.31090483e-02,\n",
       "          3.24809335e-02, -3.76774057e-01,  3.05281097e-03,\n",
       "         -3.50617121e-01, -3.12506733e-03, -5.72185736e-03,\n",
       "         -3.50908334e-02, -2.95259632e-01, -8.42257652e-03,\n",
       "         -3.25902808e-01, -6.71269630e-05, -1.16060510e-01],\n",
       "        [ 6.38036359e-01,  2.26883708e+00,  2.72201637e+00,\n",
       "          3.06243272e+00,  5.17331424e+00,  2.20508702e+00,\n",
       "          1.65684982e+00,  1.96256590e+00,  9.81884928e-01,\n",
       "          3.65228436e-01,  2.90401644e+00,  2.28551606e+00,\n",
       "          4.54711376e+00,  5.31845139e+00,  3.09180147e+00,\n",
       "          1.14529440e+00,  4.25405068e+00,  2.68061565e-01,\n",
       "         -3.76774057e-01,  4.37052370e+00, -3.54121588e-02,\n",
       "          4.06710709e+00,  3.62503219e-02,  6.63727047e-02,\n",
       "          4.07048512e-01,  3.42496835e+00,  9.77006503e-02,\n",
       "          3.78042469e+00,  7.78662909e-04,  1.34628486e+00],\n",
       "        [-5.16968821e-03, -1.83832475e-02, -2.20551317e-02,\n",
       "         -2.48133545e-02, -4.19167674e-02, -1.78667127e-02,\n",
       "         -1.34246221e-02, -1.59016860e-02, -7.95572049e-03,\n",
       "         -2.95926260e-03, -2.35297869e-02, -1.85183889e-02,\n",
       "         -3.68429793e-02, -4.30927408e-02, -2.50513146e-02,\n",
       "         -9.27974537e-03, -3.44684364e-02, -2.17196825e-03,\n",
       "          3.05281097e-03, -3.54121588e-02,  2.86926939e-04,\n",
       "         -3.29537263e-02, -2.93718155e-04, -5.37784695e-04,\n",
       "         -3.29810968e-03, -2.77507986e-02, -7.91619306e-04,\n",
       "         -3.06308828e-02, -6.30911453e-06, -1.09082702e-02],\n",
       "        [ 5.93741706e-01,  2.11132670e+00,  2.53304474e+00,\n",
       "          2.84982823e+00,  4.81416518e+00,  2.05200238e+00,\n",
       "          1.54182567e+00,  1.82631791e+00,  9.13719138e-01,\n",
       "          3.39873036e-01,  2.70240975e+00,  2.12684777e+00,\n",
       "          4.23143766e+00,  4.94922641e+00,  2.87715810e+00,\n",
       "          1.06578417e+00,  3.95872002e+00,  2.49451820e-01,\n",
       "         -3.50617121e-01,  4.06710709e+00, -3.29537263e-02,\n",
       "          3.78475469e+00,  3.37337013e-02,  6.17648859e-02,\n",
       "          3.78789820e-01,  3.18719540e+00,  9.09179389e-02,\n",
       "          3.51797475e+00,  7.24605483e-04,  1.25282119e+00],\n",
       "        [ 5.29204850e-03,  1.88183568e-02,  2.25771501e-02,\n",
       "          2.54006567e-02,  4.29088868e-02,  1.82895963e-02,\n",
       "          1.37423667e-02,  1.62780597e-02,  8.14402282e-03,\n",
       "          3.02930479e-03,  2.40867086e-02,  1.89566969e-02,\n",
       "          3.77150083e-02,  4.41126941e-02,  2.56442491e-02,\n",
       "          9.49938577e-03,  3.52842627e-02,  2.22337612e-03,\n",
       "         -3.12506733e-03,  3.62503219e-02, -2.93718155e-04,\n",
       "          3.37337013e-02,  3.00670110e-04,  5.50513411e-04,\n",
       "          3.37617197e-03,  2.84076266e-02,  8.10355982e-04,\n",
       "          3.13558789e-02,  6.45844367e-06,  1.11664558e-02],\n",
       "        [ 9.68950215e-03,  3.44555627e-02,  4.13377436e-02,\n",
       "          4.65074569e-02,  7.85642367e-02,  3.34874260e-02,\n",
       "          2.51616537e-02,  2.98043933e-02,  1.49113385e-02,\n",
       "          5.54652045e-03,  4.41016773e-02,  3.47088571e-02,\n",
       "          6.90544793e-02,  8.07683535e-02,  4.69534636e-02,\n",
       "          1.73929469e-02,  6.46038939e-02,  4.07090141e-03,\n",
       "         -5.72185736e-03,  6.63727047e-02, -5.37784695e-04,\n",
       "          6.17648859e-02,  5.50513411e-04,  1.00796523e-03,\n",
       "          6.18161861e-03,  5.20130831e-02,  1.48372526e-03,\n",
       "          5.74112002e-02,  1.18251191e-05,  2.04452770e-02],\n",
       "        [ 5.94234852e-02,  2.11308031e-01,  2.53514861e-01,\n",
       "          2.85219522e-01,  4.81816370e-01,  2.05370672e-01,\n",
       "          1.54310627e-01,  1.82783480e-01,  9.14478049e-02,\n",
       "          3.40155325e-02,  2.70465430e-01,  2.12861427e-01,\n",
       "          4.23495218e-01,  4.95333711e-01,  2.87954779e-01,\n",
       "          1.06666938e-01,  3.96200802e-01,  2.49659008e-02,\n",
       "         -3.50908334e-02,  4.07048512e-01, -3.29810968e-03,\n",
       "          3.78789820e-01,  3.37617197e-03,  6.18161861e-03,\n",
       "          3.79104433e-02,  3.18984260e-01,  9.09934530e-03,\n",
       "          3.52089669e-01,  7.25207321e-05,  1.25386175e-01],\n",
       "        [ 4.99998280e-01,  1.77797805e+00,  2.13311276e+00,\n",
       "          2.39988062e+00,  4.05407652e+00,  1.72802020e+00,\n",
       "          1.29839318e+00,  1.53796812e+00,  7.69455797e-01,\n",
       "          2.86211886e-01,  2.27573744e+00,  1.79104856e+00,\n",
       "          3.56335345e+00,  4.16781349e+00,  2.42289549e+00,\n",
       "          8.97511907e-01,  3.33369406e+00,  2.10066902e-01,\n",
       "         -2.95259632e-01,  3.42496835e+00, -2.77507986e-02,\n",
       "          3.18719540e+00,  2.84076266e-02,  5.20130831e-02,\n",
       "          3.18984260e-01,  2.68398228e+00,  7.65632811e-02,\n",
       "          2.96253625e+00,  6.10200516e-04,  1.05501843e+00],\n",
       "        [ 1.42629514e-02,  5.07186034e-02,  6.08491767e-02,\n",
       "          6.84589968e-02,  1.15646591e-01,  4.92935057e-02,\n",
       "          3.70379652e-02,  4.38720799e-02,  2.19494968e-02,\n",
       "          8.16448052e-03,  6.49176882e-02,  5.10914528e-02,\n",
       "          1.01648224e-01,  1.18891052e-01,  6.91155189e-02,\n",
       "          2.56024255e-02,  9.50969599e-02,  5.99236865e-03,\n",
       "         -8.42257652e-03,  9.77006503e-02, -7.91619306e-04,\n",
       "          9.09179389e-02,  8.10355982e-04,  1.48372526e-03,\n",
       "          9.09934530e-03,  7.65632811e-02,  2.18404423e-03,\n",
       "          8.45093118e-02,  1.74065805e-05,  3.00954566e-02],\n",
       "        [ 5.51890017e-01,  1.96250342e+00,  2.35449538e+00,\n",
       "          2.64894943e+00,  4.47482412e+00,  1.90736075e+00,\n",
       "          1.43314540e+00,  1.69758434e+00,  8.49312869e-01,\n",
       "          3.15916052e-01,  2.51192219e+00,  1.97693044e+00,\n",
       "          3.93317192e+00,  4.60036515e+00,  2.67435287e+00,\n",
       "          9.90659132e-01,  3.67967761e+00,  2.31868450e-01,\n",
       "         -3.25902808e-01,  3.78042469e+00, -3.06308828e-02,\n",
       "          3.51797475e+00,  3.13558789e-02,  5.74112002e-02,\n",
       "          3.52089669e-01,  2.96253625e+00,  8.45093118e-02,\n",
       "          3.26999961e+00,  6.73529464e-04,  1.16451228e+00],\n",
       "        [ 1.13674077e-04,  4.04221417e-04,  4.84960917e-04,\n",
       "          5.45610305e-04,  9.21689983e-04,  3.92863553e-04,\n",
       "          2.95188309e-04,  3.49655414e-04,  1.74934957e-04,\n",
       "          6.50699677e-05,  5.17386484e-04,  4.07192984e-04,\n",
       "          8.10124614e-04,  9.47547962e-04,  5.50842711e-04,\n",
       "          2.04048377e-04,  7.57911798e-04,  4.77584867e-05,\n",
       "         -6.71269630e-05,  7.78662909e-04, -6.30911453e-06,\n",
       "          7.24605483e-04,  6.45844367e-06,  1.18251191e-05,\n",
       "          7.25207321e-05,  6.10200516e-04,  1.74065805e-05,\n",
       "          6.73529464e-04,  1.38728438e-07,  2.39857317e-04],\n",
       "        [ 1.96539077e-01,  6.98886731e-01,  8.38482910e-01,\n",
       "          9.43343888e-01,  1.59357439e+00,  6.79249324e-01,\n",
       "          5.10371751e-01,  6.04543746e-01,  3.02457304e-01,\n",
       "          1.12504027e-01,  8.94545745e-01,  7.04024481e-01,\n",
       "          1.40068121e+00,  1.63828207e+00,  9.52390560e-01,\n",
       "          3.52793536e-01,  1.31040681e+00,  8.25729940e-02,\n",
       "         -1.16060510e-01,  1.34628486e+00, -1.09082702e-02,\n",
       "          1.25282119e+00,  1.11664558e-02,  2.04452770e-02,\n",
       "          1.25386175e-01,  1.05501843e+00,  3.00954566e-02,\n",
       "          1.16451228e+00,  2.39857317e-04,  4.14706122e-01]]),\n",
       " array([[ 2.75605851e-01, -1.70303391e-02, -1.53093868e-01,\n",
       "         -1.93147250e-01, -7.41542886e-01,  2.77836049e-02,\n",
       "         -2.09729917e-02,  3.23597323e-02,  3.28361186e-01,\n",
       "          2.92606114e-01, -1.52706350e-01, -1.69550746e-01,\n",
       "         -5.10676391e-01, -6.99277979e-01, -2.86909507e-01,\n",
       "          2.60952859e-01, -5.06746409e-01,  4.12971869e-01,\n",
       "          5.42999780e-01, -5.18458025e-01,  5.37657371e-01,\n",
       "         -5.44592208e-01,  5.42059047e-01,  4.97549854e-01,\n",
       "          3.65237856e-01, -3.48017555e-01,  5.39817081e-01,\n",
       "         -3.92839643e-01,  4.70442729e-01,  1.29157215e-01],\n",
       "        [-1.70303391e-02,  1.06381902e-02, -2.46318234e-03,\n",
       "          1.12997923e-02, -1.73006063e-02,  2.22312894e-02,\n",
       "         -4.29477336e-02,  3.32726463e-03,  3.22709860e-02,\n",
       "         -3.37938441e-02,  1.31747196e-02, -4.58652918e-02,\n",
       "          1.70778436e-02,  1.11036393e-02, -2.18088702e-02,\n",
       "          2.05795546e-02, -6.37339305e-03,  3.64754030e-03,\n",
       "         -1.85586511e-03, -9.07674241e-04,  2.51698696e-02,\n",
       "         -3.66576910e-02,  3.29409782e-02,  1.86014327e-02,\n",
       "         -2.65081858e-03, -1.66589150e-02,  3.73198168e-02,\n",
       "         -3.42685372e-03,  2.72392157e-03, -1.23657608e-02],\n",
       "        [-1.53093868e-01, -2.46318234e-03,  9.98712848e-02,\n",
       "          1.08079792e-01,  4.90426893e-01, -4.52207747e-02,\n",
       "          6.66819972e-02, -2.46009475e-02, -2.47775959e-01,\n",
       "         -1.42992782e-01,  8.01752622e-02,  1.64262729e-01,\n",
       "          3.01679461e-01,  4.28370858e-01,  2.08551221e-01,\n",
       "         -1.90608709e-01,  3.28363856e-01, -2.65675881e-01,\n",
       "         -3.41052496e-01,  3.28971133e-01, -3.71289844e-01,\n",
       "          3.89963985e-01, -3.83739184e-01, -3.37758171e-01,\n",
       "         -2.27657596e-01,  2.40786632e-01, -3.87768053e-01,\n",
       "          2.52670956e-01, -3.00868218e-01, -6.62903965e-02],\n",
       "        [-1.93147250e-01,  1.12997923e-02,  1.08079792e-01,\n",
       "          1.35401559e-01,  5.23863422e-01, -2.10580113e-02,\n",
       "          1.76300154e-02, -2.30310132e-02, -2.33601822e-01,\n",
       "         -2.04019929e-01,  1.06770338e-01,  1.22556490e-01,\n",
       "          3.58846392e-01,  4.92188406e-01,  2.03689043e-01,\n",
       "         -1.85310620e-01,  3.57630196e-01, -2.91347460e-01,\n",
       "         -3.82640025e-01,  3.65523565e-01, -3.80665077e-01,\n",
       "          3.86314750e-01, -3.84282814e-01, -3.51957830e-01,\n",
       "         -2.57282158e-01,  2.46423106e-01, -3.82992619e-01,\n",
       "          2.77141538e-01, -3.31797724e-01, -9.02240536e-02],\n",
       "        [-7.41542886e-01, -1.73006063e-02,  4.90426893e-01,\n",
       "          5.23863422e-01,  2.41084643e+00, -2.32451384e-01,\n",
       "          3.47772291e-01, -1.22143865e-01, -1.22959879e+00,\n",
       "         -6.83814233e-01,  3.86251775e-01,  8.27202603e-01,\n",
       "          1.46935908e+00,  2.09289074e+00,  1.03231007e+00,\n",
       "         -9.43814590e-01,  1.61161119e+00, -1.30319574e+00,\n",
       "         -1.66971646e+00,  1.61189634e+00, -1.83113147e+00,\n",
       "          1.92825878e+00, -1.89593797e+00, -1.66364595e+00,\n",
       "         -1.11386567e+00,  1.18767954e+00, -1.91782793e+00,\n",
       "          1.23938313e+00, -1.47512926e+00, -3.18635481e-01],\n",
       "        [ 2.77836049e-02,  2.22312894e-02, -4.52207747e-02,\n",
       "         -2.10580113e-02, -2.32451384e-01,  6.26298602e-02,\n",
       "         -1.12647335e-01,  1.65701079e-02,  1.64414313e-01,\n",
       "         -9.75809747e-03, -6.05406302e-03, -1.57850829e-01,\n",
       "         -8.76510975e-02, -1.50704372e-01, -1.27699248e-01,\n",
       "          1.18004363e-01, -1.45235934e-01,  1.14496262e-01,\n",
       "          1.33928231e-01, -1.34569664e-01,  2.00082728e-01,\n",
       "         -2.30552155e-01,  2.20620352e-01,  1.73438164e-01,\n",
       "          8.65802692e-02, -1.30427008e-01,  2.30987795e-01,\n",
       "         -1.08807509e-01,  1.26854433e-01,  2.06571134e-03],\n",
       "        [-2.09729917e-02, -4.29477336e-02,  6.66819972e-02,\n",
       "          1.76300154e-02,  3.47772291e-01, -1.12647335e-01,\n",
       "          2.05803906e-01, -2.70487074e-02, -2.67585079e-01,\n",
       "          5.02571498e-02, -5.63513548e-03,  2.72951405e-01,\n",
       "          1.05685186e-01,  2.01401402e-01,  2.04320352e-01,\n",
       "         -1.89268227e-01,  2.12505037e-01, -1.66042868e-01,\n",
       "         -1.87621108e-01,  1.91509307e-01, -3.10428829e-01,\n",
       "          3.65956722e-01, -3.47886906e-01, -2.65621121e-01,\n",
       "         -1.19726244e-01,  2.02629066e-01, -3.67287517e-01,\n",
       "          1.57750471e-01, -1.82544219e-01,  1.04097153e-02],\n",
       "        [ 3.23597323e-02,  3.32726463e-03, -2.46009475e-02,\n",
       "         -2.30310132e-02, -1.22143865e-01,  1.65701079e-02,\n",
       "         -2.70487074e-02,  6.75958327e-03,  6.77621318e-02,\n",
       "          2.56240692e-02, -1.58521672e-02, -5.12168264e-02,\n",
       "         -6.80055401e-02, -9.99458953e-02, -5.56580028e-02,\n",
       "          5.10359236e-02, -8.04410014e-02,  6.46958595e-02,\n",
       "          8.13694947e-02, -7.91809545e-02,  9.55769652e-02,\n",
       "         -1.03013111e-01,  1.00563325e-01,  8.58405297e-02,\n",
       "          5.39521771e-02, -6.20693870e-02,  1.02656423e-01,\n",
       "         -6.15181372e-02,  7.29038696e-02,  1.27280987e-02],\n",
       "        [ 3.28361186e-01,  3.22709860e-02, -2.47775959e-01,\n",
       "         -2.33601822e-01, -1.22959879e+00,  1.64414313e-01,\n",
       "         -2.67585079e-01,  6.77621318e-02,  6.79418839e-01,\n",
       "          2.62457788e-01, -1.61437064e-01, -5.10941755e-01,\n",
       "         -6.87814210e-01, -1.00917705e+00, -5.58621993e-01,\n",
       "          5.12161589e-01, -8.10388465e-01,  6.51944824e-01,\n",
       "          8.20741942e-01, -7.98340321e-01,  9.60754572e-01,\n",
       "         -1.03435665e+00,  1.01010080e+00,  8.63364471e-01,\n",
       "          5.44365274e-01, -6.23893467e-01,  1.03068015e+00,\n",
       "         -6.19927688e-01,  7.34824432e-01,  1.29837011e-01],\n",
       "        [ 2.92606114e-01, -3.37938441e-02, -1.42992782e-01,\n",
       "         -2.04019929e-01, -6.83814233e-01, -9.75809747e-03,\n",
       "          5.02571498e-02,  2.56240692e-02,  2.62457788e-01,\n",
       "          3.36411625e-01, -1.68254100e-01, -8.76535771e-02,\n",
       "         -5.18444277e-01, -6.89783224e-01, -2.39797244e-01,\n",
       "          2.16883721e-01, -4.76228922e-01,  3.90636622e-01,\n",
       "          5.24535751e-01, -4.96436036e-01,  4.75104628e-01,\n",
       "         -4.62934085e-01,  4.66593650e-01,  4.47352531e-01,\n",
       "          3.55117376e-01, -3.06926789e-01,  4.57262733e-01,\n",
       "         -3.71663504e-01,  4.47345268e-01,  1.44311619e-01],\n",
       "        [-1.52706350e-01,  1.31747196e-02,  8.01752622e-02,\n",
       "          1.06770338e-01,  3.86251775e-01, -6.05406302e-03,\n",
       "         -5.63513548e-03, -1.58521672e-02, -1.61437064e-01,\n",
       "         -1.68254100e-01,  8.60689180e-02,  7.19694853e-02,\n",
       "          2.77306417e-01,  3.74930534e-01,  1.43549097e-01,\n",
       "         -1.30272171e-01,  2.66077269e-01, -2.17442221e-01,\n",
       "         -2.88500196e-01,  2.74415852e-01, -2.75128385e-01,\n",
       "          2.74323243e-01, -2.74430308e-01, -2.56434194e-01,\n",
       "         -1.94600841e-01,  1.77943407e-01, -2.71534305e-01,\n",
       "          2.06858713e-01, -2.48260574e-01, -7.32729553e-02],\n",
       "        [-1.69550746e-01, -4.58652918e-02,  1.64262729e-01,\n",
       "          1.22556490e-01,  8.27202603e-01, -1.57850829e-01,\n",
       "          2.72951405e-01, -5.12168264e-02, -5.10941755e-01,\n",
       "         -8.76535771e-02,  7.19694853e-02,  4.35466291e-01,\n",
       "          3.99261425e-01,  6.18900991e-01,  4.08893338e-01,\n",
       "         -3.76272212e-01,  5.33254524e-01, -4.25485153e-01,\n",
       "         -5.20355649e-01,  5.12587436e-01, -6.73976492e-01,\n",
       "          7.48282829e-01, -7.23958884e-01, -5.96128864e-01,\n",
       "         -3.41763285e-01,  4.38411010e-01, -7.47502651e-01,\n",
       "          4.04490933e-01, -4.76285173e-01, -5.36841006e-02],\n",
       "        [-5.10676391e-01,  1.70778436e-02,  3.01679461e-01,\n",
       "          3.58846392e-01,  1.46935908e+00, -8.76510975e-02,\n",
       "          1.05685186e-01, -6.80055401e-02, -6.87814210e-01,\n",
       "         -5.18444277e-01,  2.77306417e-01,  3.99261425e-01,\n",
       "          9.68111036e-01,  1.34420035e+00,  5.91337273e-01,\n",
       "         -5.38962400e-01,  9.95882075e-01, -8.09256219e-01,\n",
       "         -1.05401112e+00,  1.01042063e+00, -1.08443200e+00,\n",
       "          1.11527966e+00, -1.10473592e+00, -9.96451989e-01,\n",
       "         -7.06841045e-01,  7.02490626e-01, -1.10698611e+00,\n",
       "          7.69740528e-01, -9.19713973e-01, -2.32695695e-01],\n",
       "        [-6.99277979e-01,  1.11036393e-02,  4.28370858e-01,\n",
       "          4.92188406e-01,  2.09289074e+00, -1.50704372e-01,\n",
       "          2.01401402e-01, -9.99458953e-02, -1.00917705e+00,\n",
       "         -6.89783224e-01,  3.74930534e-01,  6.18900991e-01,\n",
       "          1.34420035e+00,  1.88177130e+00,  8.60383843e-01,\n",
       "         -7.85036093e-01,  1.41196222e+00, -1.14549591e+00,\n",
       "         -1.48388614e+00,  1.42579464e+00, -1.55974428e+00,\n",
       "          1.61725169e+00, -1.59785159e+00, -1.42768105e+00,\n",
       "         -9.93408602e-01,  1.01082775e+00, -1.60636546e+00,\n",
       "          1.08950982e+00, -1.30011414e+00, -3.13016398e-01],\n",
       "        [-2.86909507e-01, -2.18088702e-02,  2.08551221e-01,\n",
       "          2.03689043e-01,  1.03231007e+00, -1.27699248e-01,\n",
       "          2.04320352e-01, -5.56580028e-02, -5.58621993e-01,\n",
       "         -2.39797244e-01,  1.43549097e-01,  4.08893338e-01,\n",
       "          5.91337273e-01,  8.60383843e-01,  4.61753558e-01,\n",
       "         -4.23046379e-01,  6.82971236e-01, -5.50207461e-01,\n",
       "         -6.96009007e-01,  6.75604255e-01, -8.00555972e-01,\n",
       "          8.56925267e-01, -8.38312668e-01, -7.21489246e-01,\n",
       "         -4.62371655e-01,  5.19700925e-01, -8.53468263e-01,\n",
       "          5.23208228e-01, -6.20873370e-01, -1.16368819e-01],\n",
       "        [ 2.60952859e-01,  2.05795546e-02, -1.90608709e-01,\n",
       "         -1.85310620e-01, -9.43814590e-01,  1.18004363e-01,\n",
       "         -1.89268227e-01,  5.10359236e-02,  5.12161589e-01,\n",
       "          2.16883721e-01, -1.30272171e-01, -3.76272212e-01,\n",
       "         -5.38962400e-01, -7.85036093e-01, -4.23046379e-01,\n",
       "          3.87621211e-01, -6.24106906e-01,  5.02693179e-01,\n",
       "          6.35500483e-01, -6.17038499e-01,  7.32660313e-01,\n",
       "         -7.84854432e-01,  7.67625202e-01,  6.60044834e-01,\n",
       "          4.22086348e-01, -4.75644660e-01,  7.81738661e-01,\n",
       "         -4.78022920e-01,  5.67169825e-01,  1.05500752e-01],\n",
       "        [-5.06746409e-01, -6.37339305e-03,  3.28363856e-01,\n",
       "          3.57630196e-01,  1.61161119e+00, -1.45235934e-01,\n",
       "          2.12505037e-01, -8.04410014e-02, -8.10388465e-01,\n",
       "         -4.76228922e-01,  2.66077269e-01,  5.33254524e-01,\n",
       "          9.95882075e-01,  1.41196222e+00,  6.82971236e-01,\n",
       "         -6.24106906e-01,  1.07989925e+00, -8.73981720e-01,\n",
       "         -1.12301113e+00,  1.08278982e+00, -1.21814122e+00,\n",
       "          1.27774078e+00, -1.25785562e+00, -1.10882988e+00,\n",
       "         -7.49856877e-01,  7.89926752e-01, -1.27040401e+00,\n",
       "          8.31206891e-01, -9.89981785e-01, -2.20237828e-01],\n",
       "        [ 4.12971869e-01,  3.64754030e-03, -2.65675881e-01,\n",
       "         -2.91347460e-01, -1.30319574e+00,  1.14496262e-01,\n",
       "         -1.66042868e-01,  6.46958595e-02,  6.51944824e-01,\n",
       "          3.90636622e-01, -2.17442221e-01, -4.25485153e-01,\n",
       "         -8.09256219e-01, -1.14549591e+00, -5.50207461e-01,\n",
       "          5.02693179e-01, -8.73981720e-01,  7.07544245e-01,\n",
       "          9.10081843e-01, -8.77102398e-01,  9.83301217e-01,\n",
       "         -1.02994934e+00,  1.01436882e+00,  8.95677655e-01,\n",
       "          6.07880910e-01, -6.37592275e-01,  1.02391104e+00,\n",
       "         -6.72921286e-01,  8.01654336e-01,  1.80189717e-01],\n",
       "        [ 5.42999780e-01, -1.85586511e-03, -3.41052496e-01,\n",
       "         -3.82640025e-01, -1.66971646e+00,  1.33928231e-01,\n",
       "         -1.87621108e-01,  8.13694947e-02,  8.20741942e-01,\n",
       "          5.24535751e-01, -2.88500196e-01, -5.20355649e-01,\n",
       "         -1.05401112e+00, -1.48388614e+00, -6.96009007e-01,\n",
       "          6.35500483e-01, -1.12301113e+00,  9.10081843e-01,\n",
       "          1.17463367e+00, -1.13040500e+00,  1.25238205e+00,\n",
       "         -1.30544869e+00,  1.28765025e+00,  1.14344721e+00,\n",
